10 100
13 1 10 3
1 test_email_abcd 0 3 0 1 2
1 test_email_abcd 0 2 2 3
1 test_key_test_aaa 1 2 0 2
2 2 3
4 2 test 3
3 2 test_email_abcd 2
1 key_subject 3 2 0 1
4 0 abcd 1
1 subject_email 2 2 0 3
4 0 sub 0
3 2 dummy_age 0
4 0 goto 0
50 0 10 5 100 1 10 5 757147
1 655243745
1 167613747
1 57644035
1 473038164
4 2 wrghwq 1
1 448003465
2 3 1
1 950090227
4 1 mjsra 1
4 4 bsqbm 2
4 3 wrghwq 1
1 67346651
3 6 473038164 0
4 8 wrghwq 1
1 374079501
1 102755056
4 9 dqofvv 1
1 79942653
1 137583463
1 396056833
4 6 qtttsdgc 1
3 1 655243745 1
4 1 kbxir 1
1 543649337
1 189920159
4 3 esjrk 2
4 1 kbxir 1
1 213861390
1 442531277
2 1 5
1 250902
1 55521105
3 7 655243745 1
1 104482890
2 3 5
1 582531182
3 2 543649337 0
1 49267979
3 6 396056833 1
1 486774961
4 2 wvvyiqda 1
4 2 ewgrxfbnk 1
2 2 5
4 1 ewgrxfbnk 1
2 9 5
3 2 57644035 0
1 479907209
3 1 102755056 1
1 278600080
100 0 10 10 200 1 10 5 151375122
1 129541125
1 577996946
1 357743628
1 107799270
1 41643110
1 570931849
1 238952995
1 282437315
1 7417125
1 166351380
4 7 fwuegd 1
4 9 pzvnwzl 1
1 299553233
2 6 3
1 47933175
1 589381608
4 3 rtzjcjmlh 1
1 215014513
4 4 tkaevzwv 1
4 9 pzvnwzl 1
3 6 570931849 0
1 205166829
3 8 357743628 1
4 6 ilpxnyv 0
3 9 357743628 0
3 1 41643110 1
3 4 299553233 1
4 4 pijhntpqv 1
4 7 yffwxtehex 1
2 0 3
4 4 gurszosxbb 1
1 145642536
1 767733792
1 185927067
1 355366237
2 6 4
3 8 205166829 1
3 7 282437315 0
1 563579659
1 568489830
3 7 563579659 1
4 1 djycndyiq 1
1 46933263
4 0 yndpdqn 1
3 0 563579659 1
4 3 dyoig 1
4 0 cxkquacoj 1
4 8 nkvnvxbt 0
4 8 zlmsfsja 1
1 853719628
3 9 185927067 0
3 6 767733792 1
4 0 cxkquacoj 1
1 161301440
1 333702888
2 8 4
4 7 jfqscx 2
4 7 plpxvlnx 1
4 9 bqswdvj 1
4 3 fcepepzzvo 1
2 0 5
4 0 zlmsfsja 1
3 1 145642536 1
3 9 7417125 0
1 292360323
3 7 570931849 1
1 130257781
4 8 ugmhspghm 1
1 285487137
1 165679428
1 317981616
4 3 pbevwxgbg 1
4 4 fgctio 1
4 5 hjyigpxim 0
1 43046640
3 4 205166829 1
1 2089471
4 3 mmqbzzc 1
2 6 9
1 691024467
1 580009947
3 5 46933263 1
3 3 129541125 0
4 5 pghwjtq 1
4 1 tkaevzwv 1
3 7 43046640 0
3 1 165679428 1
4 3 mxksfma 1
4 0 ditwsfr 1
3 6 161301440 1
3 4 285487137 1
4 5 pghwjtq 1
3 8 46933263 0
4 5 ozuotlawf 1
4 9 qjrfx 1
3 7 853719628 0
4 2 ngmkqolj 1
1 204972838
1 214874296
500 0 50 10 600 1 10 5 291595359
1 302168973
1 29653579
1 12719673
1 289219729
1 121729821
1 347370139
1 755965
1 62480066
1 663361651
1 153205885
1 57936279
1 659718360
1 136724895
1 169760296
1 456080417
1 510566708
1 209457093
1 87932699
1 453965051
1 111337492
1 200845062
1 91152534
1 829682656
1 209288320
1 224890425
1 596868926
1 77942481
1 110138090
1 89833170
1 27102232
1 642730594
1 21862401
1 131059639
1 254076576
1 733897521
1 32311450
1 729961728
1 343812127
1 36981698
1 420193539
1 55172205
1 418151755
1 136515295
1 527174896
1 49922460
1 80842930
1 144863901
1 403068368
1 870046
1 408404808
2 10 5
4 32 whyztbs 1
3 26 89833170 0
3 38 49922460 0
1 2755119
4 40 catzbmf 1
4 1 ndxxcckw 0
1 177543889
1 8695128
1 386766411
4 30 qqegaj 1
3 23 131059639 0
3 41 453965051 1
3 14 49922460 1
3 23 169760296 0
4 35 qqegaj 1
1 154932815
1 249936687
4 15 drhztokni 1
1 104752704
2 43 7
1 327649141
1 527419901
4 39 qpnwwkto 1
3 46 49922460 1
3 43 403068368 1
4 38 gkeycomxdp 1
1 46741127
3 14 131059639 0
3 43 8695128 0
3 39 154932815 1
3 9 89833170 1
4 12 lbyrxat 1
3 7 154932815 0
1 336594324
3 33 144863901 1
1 239010415
1 318243024
1 25167240
1 201697475
1 68585480
4 34 tapaw 1
1 410455618
3 42 289219729 1
3 19 77942481 1
4 36 xqash 1
4 29 qqegaj 2
1 443646476
3 11 121729821 1
1 82615071
4 18 lhyfp 2
4 24 zplhdr 1
1 805347978
4 34 hicaghfvqg 1
4 39 ypuizxvt 1
2 26 6
2 4 5
1 14594112
4 16 hjrloubyu 1
3 48 642730594 1
4 41 kkpgendkd 1
4 48 kioszu 1
1 287664444
1 341455367
4 17 hicaghfvqg 1
2 6 10
3 39 111337492 1
1 91011447
1 243303320
3 6 733897521 1
1 547382456
1 499805610
4 12 jbpvzatdwb 1
4 3 pmpihgrbzm 1
3 38 12719673 0
1 96929581
4 27 vznets 1
1 325675289
4 1 rdxhm 1
1 14042558
3 22 829682656 1
4 18 fwyeut 1
2 27 7
4 21 rvelxnl 0
1 36571593
1 561573167
4 23 blkdpyhuu 1
3 14 805347978 0
4 20 zxsice 1
1 297290673
1 555301483
1 121862862
1 446659950
3 35 347370139 1
4 38 cyapngirh 1
2 41 10
1 222743977
4 49 zxsice 1
4 26 fckkgeg 1
4 19 adwjhfd 1
3 21 121729821 1
4 30 yhiswp 0
2 9 6
3 46 222743977 1
1 818363
2 33 10
4 7 ridmjykq 1
4 15 ihltdjz 0
2 16 10
4 15 jjyxe 1
2 11 6
2 24 4
4 25 goonf 0
1 22313775
3 49 29653579 0
1 172553808
4 30 qpnwwkto 1
1 83434932
3 40 83434932 1
1 27601945
1 406804629
1 167907629
4 0 wyqxwc 0
1 353110645
1 60597
4 30 ypuizxvt 1
4 30 lxkork 1
4 49 tlrnsn 1
3 8 659718360 1
4 10 bduwieqigf 1
1 193819728
1 395675154
3 2 22313775 1
4 38 chlqtp 1
1 233051599
2 42 5
4 43 zplhdr 1
3 26 733897521 1
1 129127656
4 25 wybruayklk 1
2 30 8
1 68560965
1 4384160
3 10 418151755 1
1 58553262
1 150650632
1 15937592
4 24 ytadom 0
1 8930208
1 310625836
1 517356801
4 17 zplpelnr 0
3 43 729961728 0
3 8 249936687 1
1 811340281
3 3 201697475 1
2 13 9
4 15 kouudug 0
1 226508257
4 34 adwjhfd 1
4 20 rqagma 1
2 40 9
1 428085043
3 31 811340281 0
1 61376076
1 6825384
1 235362469
4 30 lxkork 1
4 11 pvkgtkv 1
1 435127071
4 43 gwlwyzm 1
1 199845472
4 3 rozxibvfkb 0
4 29 zplhdr 1
1 527264919
1 475742960
4 34 rlehjdls 1
1 1036665200
1 163389408
1 104617180
4 49 ueyiciaqsh 1
1 54205565
1 780562059
1 193309801
3 39 15937592 0
1 341106833
4 44 xudbn 1
1 379655667
1 454069513
3 46 233051599 0
1 351052405
4 40 szuyx 1
4 10 chlqtp 1
1 234301491
3 37 32311450 1
1 305931048
4 20 aufkxardmp 1
4 10 nkkqorxbxu 1
4 21 iipjsgo 1
1 127894755
3 18 77942481 0
4 49 mkodri 1
4 5 lhshpvp 1
1 7562496
3 35 527264919 0
1 486836504
1 34726361
1 68997691
3 37 14594112 0
1 888966756
3 15 428085043 0
4 4 civqgzt 1
1 27197296
3 15 235362469 0
1 519298023
3 12 83434932 1
1 117147996
4 18 dpvwjhb 1
1 709962942
4 3 mxehaisw 1
1 185299893
1 389623256
4 31 pjusd 1
4 47 xqash 1
1 145994562
2 2 10
4 23 qqegaj 1
4 15 zplhdr 1
1 687979236
3 7 341455367 1
2 26 10
4 42 xpznamdl 1
1 518989600
1 426605689
1 1020796911
1 19859841
2 36 10
4 33 zplhdr 2
1 61748896
4 17 jbpvzatdwb 1
1 26554337
4 5 leczoti 1
1 497420155
2 29 10
3 30 499805610 1
1 239320140
3 47 110138090 0
4 32 rdxhm 1
2 9 10
1 435137747
1 127015765
1 91623677
2 39 6
3 38 254076576 0
1 86883420
3 34 709962942 0
2 23 10
1 80122630
3 13 351052405 0
1 37661191
3 32 61376076 0
2 12 10
4 2 fqzyc 1
2 14 10
1 392232751
1 300913284
3 33 870046 0
4 33 jxhbaqc 1
4 23 aftmtofk 1
1 127925000
1 119917876
3 42 32311450 0
1 74991439
2 35 10
1 75087810
1 291949599
1 942657705
3 27 136515295 1
1 383209601
3 48 709962942 1
1 473052570
4 19 rjvjclooo 1
4 48 ndxxcckw 1
3 29 497420155 1
1 1042074650
3 14 453965051 0
1 107332770
1 20039176
4 0 uygosbi 1
1 76070310
1 612101934
1 464865781
1 536857005
1 596575344
1 179182417
4 32 sisxte 1
1 39641490
1 75772620
2 8 10
1 1163375
4 42 iwdxhjt 1
1 30706335
4 21 gmzblb 1
1 152793170
4 17 tzzxx 1
4 27 ehujmynaxx 1
1 401288720
1 44395680
3 24 596868926 0
1 354269400
4 23 vhwtwyfvz 1
1 13507515
1 2455806
1 278409591
1 589529526
1 171383128
3 31 589529526 0
1 719749800
3 40 453965051 0
4 35 htdaucar 1
4 8 lrsyx 0
1 473254503
3 49 811340281 1
1 679940880
3 47 222743977 0
1 80579301
4 32 rxlgxtl 1
1 237640384
1 591371182
4 20 dksrfmz 1
3 16 612101934 1
4 33 zplhdr 2
2 21 10
1 144242149
1 408674622
4 23 szuyx 1
2 31 10
1 48861010
2 40 10
4 34 btwjx 1
1 279090630
1 409541663
3 16 152793170 0
4 24 ihltdjz 1
2 16 9
4 41 gmhfzmcak 1
1 285913448
4 44 szuyx 1
1 4011557
4 22 nxiaebb 1
1 33957126
2 30 10
4 0 acaducl 0
4 3 mnegv 1
1 423323997
1 164533527
1 27228961
4 48 lvqnuemr 1
4 43 iqnrrboyq 1
1 537555330
4 1 xjfhomlcjk 1
3 45 61376076 1
1 310543233
2 9 10
4 31 jwutxp 1
3 9 239320140 1
1 127356516
4 18 agpio 1
2 42 10
1 148404133
4 48 lliadteq 1
3 34 237640384 1
1 477388561
4 0 ktcnsfe 1
1 344671720
1 268553950
1 12796728
1 21449120
1 15259410
4 24 hznsqrk 1
4 46 jzlimkz 1
1 20745601
1 492680930
1 629196703
1 666211017
3 30 14594112 0
1 194146290
1 161115136
3 16 591371182 1
1 529755856
4 35 egqeoxhzv 0
4 35 dpvwjhb 1
1 437610679
3 20 46741127 0
1 49222344
2 48 10
4 18 coysymbagy 2
3 15 26554337 1
1 25200375
2 39 10
3 18 589529526 1
4 17 vpmawlgkyc 0
1 188643618
3 10 80579301 0
3 4 527264919 1
4 21 rgwgkyiy 1
4 19 awozle 1
1 603191484
1 204802697
1 223865694
1 117565650
2 19 10
1 257280489
4 35 uajouuchl 1
2 12 10
1 79680511
3 14 80579301 1
4 14 hwkms 1
1 187290884
2 48 10
3 36 44395680 1
1 487469713
3 38 224890425 0
4 46 jkskpixvm 1
4 47 pmpihgrbzm 1
1 617370201
3 49 14042558 0
4 12 awozle 1
2 25 10
4 49 jxhbaqc 1
3 22 336594324 0
2 9 10
1 35720
4 19 gmzblb 1
4 5 lecegymvf 1
4 30 mspppkbyw 1
1 139449843
2 31 10
4 31 gmzblb 1
3 0 153205885 0
4 1 byjfoxw 1
2 19 10
1 71098639
3 12 596868926 0
4 12 wsbfe 1
1 707436935
3 8 666211017 0
4 20 qsneitod 1
4 16 tbnjbks 1
1000 0 50 10 500 1 20 10 76979037
1 812723508
1 582630373
1 1020622176
1 558887617
1 57113805
1 222701752
1 599506515
1 162260357
1 543257475
1 288044614
1 1810470
1 34423861
1 640651801
1 286339900
1 88214680
1 281314161
1 10705780
1 55426800
1 982464
1 406160608
1 717160513
1 346013988
1 13599198
1 6309066
1 195787683
1 51122717
1 212673714
1 52340727
1 715201305
1 419747142
1 380405214
1 706149120
1 285385920
1 114238550
1 3890251
1 15267140
1 45520267
1 634193137
1 274516525
1 14705388
1 24695244
1 1137341
1 288922626
1 656060616
1 71487157
1 224440701
1 1690416
1 389517144
1 5881791
1 173841680
1 367267208
1 307827759
1 235055996
1 26491592
1 256109401
1 535925082
1 624325911
1 196438921
1 6567051
1 213372084
1 2905430
1 541001877
1 562161748
1 457211175
1 83064960
1 112653563
1 129100346
1 32635491
1 185176260
1 272452591
1 89992535
1 64156869
1 459584445
1 552225880
1 100892132
1 966071898
1 417109248
1 472455846
1 49512736
1 688405991
1 305689680
1 351586070
1 26301423
1 349719750
1 299780713
1 3024816
1 243540095
1 311890997
1 403022400
1 200209095
1 192236439
1 212032381
1 54393675
1 301789008
1 18507595
1 53672736
1 22583274
1 624906913
1 54742757
3 0 224440701 1
3 38 351586070 1
4 27 dwgekg 0
2 41 10
4 16 vorvkmjto 1
1 210090493
4 39 bqnxh 1
4 46 uunhqlcude 1
3 37 6309066 0
1 167768645
1 52977600
4 44 rdokbofc 0
1 279474589
4 27 arhjn 0
1 56378861
2 10 10
2 8 10
3 39 71487157 1
1 7901510
3 19 706149120 1
1 50660809
1 96514176
4 47 uunhqlcude 1
1 241362535
1 11266700
1 575344250
1 67781000
3 40 83064960 0
2 10 10
4 42 bqnxh 1
4 23 gqubfp 1
4 36 codnsqog 1
1 210536190
1 140978565
1 50730012
2 25 10
4 39 xricalipx 1
4 19 vqaeing 1
3 40 459584445 1
2 21 10
1 601523478
1 49407448
4 7 bboqohl 1
4 16 lnaqa 1
2 34 10
3 49 601523478 1
1 536190
3 28 272452591 0
4 43 mdypcjk 1
4 32 gcxfu 1
1 107323649
2 36 10
4 16 uixbawgdot 1
1 552123584
3 32 54742757 0
1 138414172
4 26 oulilnss 1
4 4 gazupnm 2
2 11 10
1 27288960
2 31 10
4 6 bdnxzp 1
4 0 omncwyro 1
1 284895299
1 15668920
3 49 96514176 0
1 364933189
4 47 lpozj 1
1 2600439
4 18 dpxfn 1
1 159137136
3 39 173841680 0
2 13 10
3 1 49407448 1
1 173310017
3 48 311890997 0
1 452952639
3 5 7901510 0
4 8 tvlxrj 1
1 273854390
1 589300481
4 43 wiqszdlud 1
4 13 bbpwphg 1
1 68543607
4 8 uiqnhifvu 1
3 22 1137341 1
1 385483840
1 226359484
4 25 nnlpaqez 1
4 4 dpxfn 1
4 25 nqonicbtnp 1
3 7 224440701 0
1 574856162
1 114148551
3 0 64156869 1
1 59365615
4 2 mbqsrk 1
4 10 kwbvvlcd 1
3 19 301789008 0
2 39 10
2 4 10
1 555454568
4 43 nwwpyxpi 1
1 984987100
2 10 10
2 47 10
1 15855873
1 605410665
1 347730092
1 340509041
1 371913404
4 40 vnznlpj 1
4 9 dcyvzquqx 1
4 38 bjstim 1
4 44 nvlsuholiq 1
3 39 68543607 0
2 4 10
4 46 isndl 1
2 48 10
4 33 gevipbd 1
1 724496465
4 35 nydlgory 1
2 20 10
3 38 11266700 1
4 12 qpkjzmt 1
1 48242403
2 23 10
4 8 gqpktvl 1
1 110187185
2 45 10
3 48 56378861 1
3 25 273854390 1
1 55442899
4 10 ofsig 1
1 29473275
1 764520402
1 79109236
3 23 53672736 1
4 27 gsblug 1
1 3817935
1 7090440
4 37 dibzbhyam 1
3 35 589300481 0
4 44 ahzzz 2
1 647501496
1 449430383
4 32 nqonicbtnp 1
1 370590959
4 29 mjded 1
2 21 10
1 431463456
1 562780940
1 14023152
3 49 5881791 0
4 0 uiqnhifvu 1
4 11 eplpggwv 1
4 47 dnjgtkkxj 1
1 52203533
3 2 966071898 1
3 35 406160608 0
4 18 waglk 1
1 51731790
4 25 rcxjc 1
4 5 vmpqgc 1
2 23 10
4 49 eregh 1
3 11 272452591 0
4 11 rumpajjh 0
3 3 605410665 1
1 340546165
2 48 10
4 5 mdypcjk 1
3 38 555454568 1
1 700375335
4 2 pokmornweh 1
1 407130040
1 122424969
2 35 10
4 38 kwbvvlcd 1
4 9 vxxvgfgsh 1
4 29 uvrdpiyl 1
4 46 kogcbcpy 2
1 220715553
4 19 qnpxzwbasz 1
4 5 gxfomyiqa 1
4 30 cbqwr 1
1 310705801
4 3 mvbfq 2
1 245929538
4 40 fcajtexnlq 1
1 811944649
1 60695049
4 38 lxgtyuib 1
1 213872778
4 29 ezgkuqpv 1
4 40 mghfxnhrc 1
4 19 kogcbcpy 2
1 437993490
4 17 vxxvgfgsh 1
1 802477233
4 28 wxrmu 1
3 36 724496465 1
4 16 pokmornweh 1
4 29 mtusmnlyc 1
1 348361488
1 91255260
4 43 grindfryhi 1
2 18 10
1 348712
2 3 10
1 204448825
1 65144855
1 517500828
1 336946465
3 15 459584445 1
4 37 mtjtid 1
1 366539385
3 46 764520402 1
4 33 kogcbcpy 1
1 726395000
3 49 212032381 0
1 137345851
4 37 tykon 1
4 1 ibnkws 1
4 6 dnjgtkkxj 1
1 909810441
4 15 adjkkbw 1
1 476711620
2 49 10
2 40 10
2 6 10
1 167879251
2 46 10
3 4 552225880 0
1 426135508
3 12 552123584 0
3 14 476711620 1
4 27 jfqgydveg 1
2 16 10
1 96183276
4 49 kkbinh 0
1 221824960
3 2 340509041 1
1 90447955
3 28 107323649 0
3 49 811944649 1
3 24 220715553 1
1 389221525
4 47 wenlt 1
1 64945800
1 400820559
1 1029490
2 49 9
2 2 9
1 598028018
1 385681232
4 8 xayazbydbp 1
1 447485752
4 41 gevipbd 1
1 102028518
1 680507311
1 134865046
1 181166907
4 17 grindfryhi 1
1 34747785
3 5 400820559 0
3 37 476711620 1
1 74696194
1 541856459
2 28 10
4 20 vopzhmvhy 2
3 9 181166907 1
3 19 122424969 0
4 22 xofzwo 2
1 11095824
2 42 10
2 4 10
1 12102525
2 12 10
3 37 364933189 0
4 13 taruqrgqrm 1
1 325470000
3 3 726395000 1
1 857739182
4 30 ynvkmwbtoc 1
2 5 10
4 38 zowibnj 1
3 29 589300481 1
4 36 koioyldk 1
1 20297628
1 171973596
3 17 764520402 1
3 23 301789008 0
1 902673991
1 803777176
1 55575828
1 31752222
4 45 doogew 1
3 26 517500828 1
3 5 52977600 0
1 305180088
1 159393472
1 63413189
4 32 vuibyzjl 1
4 33 ruitp 1
4 0 wzegou 0
1 471902550
3 13 598028018 0
4 6 jgukgz 0
1 1690830
4 33 ptcsdexnf 1
4 36 hyxpsmqvyj 2
1 55146546
3 23 196438921 0
1 218146142
1 293278608
4 15 rbrzj 0
4 39 zanyiyynke 1
4 38 mdypcjk 1
3 20 51122717 0
3 9 79109236 1
1 167910783
3 33 51731790 0
3 24 55442899 0
4 5 noimvkcena 1
4 2 peivubw 1
1 30078408
3 25 63413189 1
3 46 902673991 1
3 25 220715553 1
1 374934131
4 22 naeuvi 1
1 99610479
1 31581550
2 44 10
4 21 bghloblcf 1
1 130499456
1 405172035
2 12 10
1 79951689
4 9 lyexgrfrph 1
4 38 zowibnj 1
4 9 ljhhqxsou 1
1 477531106
4 39 cwbxcjl 1
2 7 10
2 26 10
1 403362513
4 29 ojfqh 1
3 15 476711620 1
4 13 hebkkjr 1
4 35 wenlt 1
4 5 xpytiwxcp 1
4 35 vhhwnty 1
3 34 55575828 1
1 14099883
2 46 9
1 512693
4 11 wcbmzxx 1
4 45 jvuinymuz 1
1 24465951
1 155163060
4 14 lmkeumoyuw 1
1 287724337
1 70923671
1 133858077
1 514972173
4 45 grindfryhi 1
4 14 ysviwym 1
3 20 63413189 1
2 24 10
4 21 pwqvnc 1
1 68885712
3 30 536190 0
3 12 902673991 1
4 5 wxmuk 1
4 0 fchfnv 1
4 37 phlmv 1
4 16 rdokbofc 0
1 9683875
1 175893379
1 10277475
1 26253603
3 43 181166907 1
3 48 431463456 1
3 7 34747785 1
1 185054784
2 27 10
1 178728655
2 33 10
3 20 536190 0
1 103776048
1 183341557
3 1 909810441 1
3 46 380405214 0
4 45 uqwcgvga 1
4 44 dokituo 1
1 77946990
4 23 cwbxcjl 1
1 18727907
1 92671201
4 30 yrmeczqnq 1
3 34 5881791 0
1 517736461
1 261542881
4 27 cgphckcto 0
3 31 726395000 0
1 202517173
4 12 dpxfn 1
1 279059617
1 192742920
1 492259595
3 39 902673991 1
4 25 zowibnj 1
4 9 enaqogwld 1
1 62500501
3 10 60695049 0
2 38 10
1 721168
1 88411302
1 53687904
1 13371968
4 32 ezqgwokk 0
3 46 726395000 1
4 25 quscrarj 1
1 764487531
2 48 10
1 617480668
4 49 jvuinymuz 1
1 317308481
4 25 uunhqlcude 1
2 24 10
1 185381686
4 2 xqejouxwi 1
1 248707742
4 3 nceve 1
1 636373276
4 17 dbvkjm 1
4 28 kogcbcpy 1
3 0 909810441 1
1 265326161
2 5 10
4 39 xvnetdr 1
2 47 10
2 17 10
1 54192688
1 79341791
4 37 fqwlfjdj 1
1 69966001
4 1 nuqoey 1
1 245285040
2 31 10
4 8 pbayauoxs 1
1 539592937
3 45 99610479 1
1 442789610
1 166879848
4 21 ecivkoqqx 1
1 246727127
1 494750880
1 82573227
4 38 hgwcqiceqe 1
1 535338128
4 44 ojofmjgezy 0
4 20 nydlgory 1
2 13 10
1 166503612
1 63785833
2 5 10
3 8 405172035 1
3 39 130499456 1
3 44 210536190 0
4 24 rbpmybfke 1
4 40 vjulrrgswr 1
2 39 9
1 34661214
1 7439040
1 637431093
4 35 cwbxcjl 1
1 423662345
1 183912877
2 18 10
4 4 zdtwafqu 1
2 4 10
1 33487669
1 107754789
1 213618975
3 16 617480668 1
4 43 fnuakosm 1
3 6 220715553 0
4 45 brrkujgvpu 0
4 5 wxmuk 1
1 430947968
1 30175905
1 164130014
1 235541088
1 70710641
4 12 wxrmu 1
1 223898652
4 39 zanyiyynke 1
3 37 325470000 0
4 48 taruqrgqrm 2
1 107866601
4 25 ipklfge 1
4 4 lxgtyuib 1
1 899926025
1 557045739
1 37309889
4 28 cgphckcto 1
1 44350401
2 33 10
4 21 ryqbgxnpa 2
3 15 50660809 0
2 42 10
1 239487513
2 18 10
1 413688625
4 42 vgclqp 1
2 8 10
1 63579681
2 23 10
4 15 dnzqyhogw 1
1 615335064
4 10 hgwcqiceqe 1
1 22115329
2 47 10
4 3 vqaeing 1
4 40 zkbjm 1
3 25 7439040 1
1 375185980
1 521246977
1 273092743
1 212541340
1 233131570
4 12 hgwcqiceqe 1
3 31 966071898 0
4 10 qhfaztpwnw 1
4 0 gpkoq 0
3 21 246727127 1
1 291818485
4 37 tdkxjrrp 1
2 1 10
3 42 92671201 1
4 45 oulilnss 1
1 87199311
1 23745665
4 28 vnznlpj 1
1 323311100
1 156200227
4 41 vxxumsuloj 1
4 36 eoflsvwda 0
4 23 uelojuep 1
2 22 10
4 46 tpozqfihxn 1
4 8 hywwjbb 1
1 82296143
1 861259981
1 679954242
3 46 764520402 0
1 229220760
1 47062367
1 4141896
2 9 10
4 36 acbhxbzlhd 1
4 32 ecivkoqqx 1
3 31 617480668 1
1 118172992
3 2 375185980 1
4 24 brrkujgvpu 1
4 5 slfdtfbj 1
1 139781503
1 154281020
4 10 znvrcktwc 1
1 369825660
4 17 jesdxvg 1
3 29 284895299 0
2 34 10
1 121845996
1 32009117
4 20 bqnxh 1
1 321739316
4 25 rumnsxij 1
4 6 bwoua 1
4 34 oaonfsyr 1
1 442960633
1 533734873
4 27 tucys 1
4 36 fooyl 1
1 356248321
3 13 375185980 1
1 110312930
1 383086416
2 17 10
1 78046656
1 389371374
3 28 62500501 1
2 23 10
3 24 26253603 0
3 41 598028018 0
2 48 10
1 320924365
2 23 10
3 22 413688625 1
1 430213653
1 306867442
2 8 10
2 31 10
4 3 kkbinh 1
3 44 274516525 0
3 44 413688625 1
4 11 eidmdk 1
1 99451539
4 32 bfobnmtter 2
4 48 rumnsxij 1
2 14 10
3 33 49407448 0
2 43 10
1 145294561
4 47 adjkkbw 1
1 131695008
1 468451715
2 25 10
4 0 pajcgw 0
1 241180155
3 4 317308481 0
3 1 346013988 0
1 675445
1 307258770
3 21 63785833 1
1 33135031
3 14 79341791 1
2 16 10
3 4 82296143 1
3 20 52340727 0
1 423972660
1 120566637
4 47 ykdbhfla 1
4 17 dxdvxisl 1
1 44894201
4 45 ontty 1
4 49 bkdnujcuhh 0
1 783111446
1 284977985
3 49 248707742 1
4 18 uiqaal 0
1 173543721
1 19836144
1 499540179
1 54521797
4 43 awnhcixgv 1
1 657756896
1 283961378
3 27 299780713 0
4 22 rumpajjh 2
1 313143697
3 33 23745665 1
3 5 430947968 1
1 58913557
4 36 uvrdpiyl 1
2 26 10
3 1 430947968 1
2 28 10
3 28 82296143 0
4 27 noimvkcena 1
2 7 10
4 24 tpylhbpy 1
3 11 156200227 0
3 9 63579681 1
4 16 txnqzjlw 1
4 44 ufvnm 1
1 104439660
3 28 285385920 0
1 16909153
4 33 ewjrkqjb 1
3 48 44894201 1
4 48 rdenoh 1
3 41 107323649 0
1 6405203
2 0 10
4 46 kwbvvlcd 1
1 79415224
1 41493983
1 647360761
3 47 63579681 1
1 68162241
4 37 fooyl 1
4 45 ozldjca 1
1 321462400
3 17 514972173 0
1 718662564
3 4 287724337 0
1 114731604
2 5 9
2 25 10
3 33 679954242 1
4 35 gdbdabc 1
4 29 ymkujwkm 1
4 23 ozldjca 1
1 605297622
3 24 19836144 1
1 82900230
1 448773056
2 36 10
4 27 fioldnusrr 1
1 694394428
4 48 ibwbuldqdy 0
3 13 476711620 0
1 700260625
1 157882663
4 18 bdnxzp 1
4 13 tkvqbsmxc 1
1 266396180
4 27 kyxhqpq 1
3 21 68162241 0
1 147923062
1 287910720
4 25 atqsrxeh 0
4 5 ykdbhfla 1
2 32 10
4 34 rumnsxij 1
1 33206797
1 305048161
3 12 417109248 0
1 35702786
4 5 lxnrljszh 1
1 151793400
1 549856272
4 42 cawuluwuq 1
1 13622400
4 30 rdokbofc 1
2 15 10
4 37 dgjll 1
4 16 brrkujgvpu 1
4 0 vxigqlmna 1
2 2 10
3 16 811944649 0
1 464047489
1 111907621
3 10 291818485 1
4 24 uhpwegmg 1
1 277662762
1 19505552
1 166021345
4 5 kdyvtyvibd 1
4 6 wdyxvn 1
4 15 ysviwym 2
3 0 13599198 0
3 43 241180155 1
3 47 99451539 1
1 609994000
4 4 oaonfsyr 1
1 157324761
1 135452485
3 31 575344250 0
2 47 9
3 31 557045739 1
4 32 yaybyy 1
1 289072966
1 159493257
1 28984669
4 33 cykyzy 1
4 24 bdnxzp 1
1 119336049
4 8 juqjpazqw 1
1 137427319
3 32 82900230 1
1 300323250
4 23 ozldjca 1
1 104100412
3 38 320924365 1
3 10 694394428 1
4 21 fbyqhmeoko 0
3 9 34747785 0
4 27 wmrba 1
1 2679502
3 3 82900230 0
4 29 qmuzniq 1
4 26 ysviwym 1
4 16 oaonfsyr 1
1 144772695
1 30624602
4 48 lbtxxponz 1
3 35 89992535 0
2 23 10
3 16 156200227 0
4 31 dwgxxteea 1
1 101848968
3 15 306867442 1
1 11578918
4 6 cykyzy 1
1 530425000
1 760453281
4 49 qknzbd 1
1 24029775
2 27 10
3 4 120566637 1
1 928502624
4 34 rdenoh 1
1 48470943
3 42 289072966 0
1 76134720
1 600735960
1 1144595
4 45 cbqwr 0
1 340750784
1 44386681
3 10 34747785 0
1 396013310
4 42 fchfnv 1
1 552116820
3 11 293278608 0
1 2758140
4 32 zkhkq 1
3 47 44894201 1
3 1 307827759 0
1 582496893
3 11 552116820 1
2 24 10
4 9 vhhwnty 2
1 114465923
3 31 44350401 1
4 26 gdbdabc 1
1 496562385
4 35 llgaeunj 1
1 190839251
1 123610900
1 18764441
1 192786085
1 188149742
1 616261352
1 260619805
1 392530238
1 342828285
1 931081111
3 33 549856272 1
4 37 dpxfn 1
1 130519655
4 10 vopzhmvhy 1
4 0 hqjvnbd 0
1 84926699
4 24 pbcljzop 2
4 35 esrtlp 1
2 2 10
2 26 10
3 4 256109401 0
1 508156116
2 39 10
3 35 166021345 1
2 24 10
1 770270451
4 12 yocqsoxqgy 1
2 39 10
1 437895900
1 617705270
3 1 188149742 0
2 2 10
1 15478344
4 7 qknzbd 1
4 33 dbvkjm 1
2 6 10
1 227863748
3 30 300323250 1
4 19 lrhqburr 1
4 8 svtmhwdas 1
4 21 vopzhmvhy 1
1 2880348
1 775205995
4 33 dbvkjm 1
4 28 pykrgabqlg 0
4 23 lmvpkgvpvu 1
4 18 vopzhmvhy 1
3 43 321462400 1
4 49 kptzcpzohi 1
1 446896644
4 22 ihagg 1
1 155186598
1 253047383
4 33 yxylnltvh 0
3 39 192786085 1
1 352623478
4 16 ydknr 1
1 89397455
2 19 10
1 15521404
1 595010682
3 21 2880348 1
3 29 3890251 0
4 39 dlnabzxsj 1
3 25 984987100 0
3 27 928502624 1
1 435552578
3 22 437895900 0
3 25 340750784 1
4 28 uornofn 1
1 173999715
4 11 wyjmnbliq 1
4 25 ntkqil 1
1 333965311
3 24 159493257 1
1 15982560
4000 0 300 70 1100 1 40 10 17043461
1 36377280
1 431698869
1 54453529
1 140248501
1 323835546
1 4235751
1 5800756
1 165580864
1 108275201
1 337059679
1 293633664
1 853212048
1 667212560
1 543085776
1 623950636
1 172773232
1 303734017
1 477559377
1 225663313
1 246599910
1 38379448
1 544801440
1 25053876
1 791780109
1 310703211
1 589911015
1 47501430
1 427175808
1 435417975
1 165700003
1 391308195
1 319568375
1 224219160
1 277354875
1 527752929
1 170267592
1 298590740
1 220878475
1 4425729
1 292695291
1 106864665
1 72756815
1 359515729
1 266163884
1 21109087
1 38296201
1 3026276
1 95062275
1 906068437
1 697020895
1 285791245
1 21955110
1 785514115
1 290926384
1 9123840
1 53730783
1 685651567
1 543053865
1 142671718
1 93360515
1 304343873
1 150757548
1 319712185
1 201515121
1 212491326
1 654574572
1 128756856
1 505416227
1 39129804
1 166386540
1 962316951
1 740661103
1 724792950
1 295861248
1 207283573
1 602834958
1 469285531
1 285730795
1 263079020
1 220006389
1 86795660
1 82846160
1 46123545
1 249872665
1 22209780
1 40712056
1 16965300
1 192242040
1 8644233
1 2692491
1 453342204
1 220782429
1 573431540
1 85470317
1 60078541
1 387460900
1 265099982
1 230557600
1 231269610
1 502805892
1 232430979
1 18120160
1 257194816
1 244061190
1 227543758
1 342790669
1 511899681
1 541565866
1 106467696
1 185996288
1 537570168
1 357513156
1 36299340
1 60601570
1 492224355
1 5004324
1 803195600
1 198006823
1 381507042
1 95467650
1 846318004
1 39270880
1 561542371
1 170923432
1 256928100
1 302309355
1 265874352
1 180424608
1 47546436
1 604051825
1 98825761
1 360625012
1 24661091
1 19202001
1 1226360
1 550465062
1 91703347
1 390081984
1 238137288
1 660596245
1 27205444
1 79037195
1 828758520
1 4643017
1 232847371
1 356228730
1 292250421
1 11079630
1 111983653
1 665001481
1 192596460
1 646249864
1 504949713
1 294755656
1 214003401
1 33014593
1 349938280
1 443851539
1 793598575
1 837015941
1 111726650
1 438694208
1 464232940
1 101372022
1 86852144
1 79579197
1 58314039
1 158117537
1 44731050
1 88184328
1 797966712
1 67392209
1 99510554
1 26911171
1 50065218
1 44068645
1 639760638
1 174913011
1 482009859
1 678098625
1 464265060
1 384353840
1 618332200
1 402217536
1 50267513
1 94173795
1 248684965
1 464780201
1 61193429
1 378375680
1 115573128
1 380993760
1 452891536
1 104839827
1 115816197
1 119703224
1 317123712
1 55322401
1 10966475
1 246841001
1 146899015
1 69597873
1 4404777
1 110144320
1 11067267
1 2624715
1 23102235
1 208280583
1 36913002
1 556679552
1 474090139
1 15153733
1 46044227
1 792467369
1 240337081
1 248290315
1 211454100
1 569744898
1 59058882
1 112320055
1 167388317
1 424391984
1 896001120
1 146210228
1 435849453
1 4460350
1 31588197
1 5032786
1 45454613
1 986172131
1 861264703
1 374120081
1 34003776
1 109551595
1 739336711
1 249371550
1 176653260
1 158194304
1 180381879
1 257641384
1 217563001
1 378923974
1 810952129
1 407663355
1 482431951
1 718892192
1 33631542
1 87102558
1 755647970
1 35030156
1 299234862
1 189179430
1 129193020
1 702168334
1 6084620
1 424479799
1 17855253
1 7106238
1 685725480
1 79553690
1 179172961
1 21454110
1 333015091
1 91561376
1 119722431
1 14588739
1 330138088
1 8494112
1 22446918
1 351095277
1 297416300
1 4772067
1 631784910
1 54121633
1 268902401
1 32532435
1 244846043
1 136495299
1 93619860
1 271354811
1 70522075
1 304643625
1 208226700
1 600267624
1 26304768
1 227591702
1 172847483
1 13342800
1 300513532
1 47958820
1 395913584
1 24615264
1 72911430
1 558492480
1 603325920
1 250038655
1 45763881
1 987661
1 100182144
1 631606066
1 648782113
1 513090
1 683911185
1 40764225
1 52267008
1 155888998
1 246059483
1 131562760
1 242346675
1 304863852
1 132924497
1 196580161
1 149579192
1 98458828
1 185820837
1 388163321
1 107888025
1 87653608
1 164018040
1 397005729
1 98929224
1 94403448
1 707749524
1 459423451
1 261319901
1 1424504
1 158333473
1 182910592
1 95193648
1 470960
1 703299296
1 151232561
1 209990737
1 204844650
1 334171350
1 241151228
1 934987061
1 205234560
1 15684702
1 199452835
1 426630975
1 178930752
1 150847285
1 69685549
1 222263654
1 294992919
1 351633877
1 324805625
1 137393045
1 216639938
1 31927851
1 31554140
1 43052617
1 419996391
1 255337243
1 154857528
1 151043776
1 483417199
1 48867696
1 70013081
1 55737170
1 8021637
1 751218449
1 190003917
1 163044820
1 225048165
1 376520046
1 297057536
1 592691580
1 378529261
1 42572140
1 304108954
1 142498387
1 8632971
1 623505976
1 31448898
1 65586561
1 713421499
1 116681580
1 596706529
1 397830967
1 295582326
1 285819968
1 126711234
1 13439190
1 540033715
1 608068661
1 112484853
1 228252969
1 441073785
1 24422639
1 174805904
1 717971260
1 627468885
1 15998256
1 91973508
1 62394805
1 111858539
1 84911090
3 12 351633877 0
3 269 9123840 0
4 245 lsdeiihnaz 1
3 244 99510554 0
1 437904144
1 179857280
1 81796701
1 748231187
4 260 finfv 2
1 386244738
3 274 38296201 0
1 95813751
1 210299269
1 2746218
4 68 xyqiddi 1
4 175 iyzegbmfoe 1
1 97130481
3 273 50065218 1
1 294103602
1 404369185
2 126 21
4 197 unrreoc 1
3 220 755647970 1
4 46 joghaccw 1
4 52 ktmzqmaxy 2
4 111 eavyd 1
4 230 wmgcvvfoh 1
4 47 puewi 1
1 743344425
1 299570214
1 426604733
1 441860174
4 250 atnsgzprt 2
1 66355875
3 15 378923974 1
1 200809053
4 177 oneiwj 1
1 190120392
4 180 vwsloeoxds 0
1 517111270
1 424891629
1 26915531
1 402605918
1 432495504
4 282 lufjzfnd 1
3 86 54121633 0
1 240038891
3 269 241151228 1
1 345473550
1 212925760
4 45 meqff 1
4 84 okond 1
2 162 21
4 281 bdounlen 1
3 166 47546436 0
3 272 724792950 1
4 164 shzfjfeiyv 1
4 194 egmzqfz 1
4 242 ybjjongego 1
4 42 ckwma 1
1 63015875
1 48841920
4 96 wlildfjmv 1
1 35574062
1 360899619
1 8717205
1 50782701
2 29 16
4 130 waezykia 2
4 39 tqntyujb 1
1 806782525
1 79920330
3 129 182910592 1
3 18 5800756 0
2 219 24
4 141 lvtxfyk 1
1 514578564
1 614687744
1 130294656
2 293 23
1 362198959
1 18836117
1 308088300
1 1001969588
4 106 hiomfixelk 1
2 86 25
2 114 31
3 178 39129804 0
4 79 flyoex 1
4 6 ldueiv 1
4 272 cywmf 1
1 198959144
3 4 324805625 0
4 66 lsdeiihnaz 1
1 566529454
4 222 kafwqr 2
1 136136918
1 249397200
1 38057154
4 48 cgafiizo 1
3 162 596706529 0
4 47 emsuczo 1
4 50 gjtun 1
4 208 mmjnespztn 1
3 201 387460900 1
3 135 232430979 1
4 194 iauyqcmsn 1
4 91 igfwfvxqpj 0
1 108285199
1 283615751
2 297 17
4 188 bsrsc 1
4 17 cywmf 1
4 56 sejbfibwg 2
3 54 231269610 1
1 63303210
4 282 dyyxqmhxb 1
1 112547661
4 105 jugqcyn 1
4 43 dkltl 2
3 69 165580864 1
1 52068900
4 148 wuyckqe 1
1 282423900
3 17 87102558 1
1 270205110
4 289 imnhqsnp 0
1 934611962
1 22017360
1 834683000
4 111 gnslryjc 0
1 727913764
4 174 kvrsbozbn 1
4 157 qfzof 2
3 241 63303210 0
2 47 26
4 109 kzzyy 1
1 498839785
3 279 431698869 1
1 394537020
1 711966193
3 215 711966193 1
4 37 eryxfwz 1
4 257 jbjvfxp 1
4 69 rdpvo 1
1 283056320
1 8588928
1 73339874
1 832865152
2 271 18
3 94 88184328 0
2 296 20
3 175 740661103 1
1 6468267
1 69492517
1 46628168
1 58298395
3 62 357513156 1
4 298 vblgfkqnj 1
2 78 21
1 220179903
1 31253991
1 451349460
3 148 304863852 1
2 102 19
1 102095280
4 248 ynemh 1
1 627587390
1 53692632
4 3 wvgnxx 1
4 110 omvetndg 1
4 147 ofzrmgslt 0
4 215 rdrwoojwk 1
3 230 65586561 1
1 203524536
1 88261935
1 508624615
1 294622657
1 20592876
1 51528105
1 260598660
4 231 nnfyydz 1
1 211870272
1 252409899
1 147980835
2 3 17
4 147 uoadevlgf 1
1 60199828
1 519364065
2 181 28
1 235256532
1 545107925
3 275 244846043 0
4 27 ivohmr 1
1 98192888
4 287 lfoquake 2
1 131996705
4 47 qyaoor 1
3 170 319568375 0
1 699662389
1 28165125
1 309307680
1 339712791
2 72 21
4 276 fkknebol 0
3 207 464780201 0
2 30 25
2 242 20
1 166708800
3 278 155888998 0
1 174266560
4 136 mzqccqu 2
3 215 362198959 0
4 111 eoielk 2
1 19823601
4 282 ogrzhw 1
1 89017295
1 57965635
4 239 oldgvvtsb 1
3 148 228252969 0
2 224 24
4 242 tcolfedr 1
4 244 yrawdytu 2
1 211634592
3 174 19202001 0
4 31 veill 1
3 228 249397200 1
4 5 rpnuxciao 1
1 126366431
3 19 718892192 0
3 289 589911015 1
2 39 31
3 74 176653260 0
1 57849871
2 292 35
3 28 459423451 0
1 146653134
1 359528876
1 264245470
2 299 21
4 226 snksgr 1
1 441968764
4 180 qpidmxqtnb 1
1 8410401
3 155 797966712 1
3 31 15153733 0
3 155 543053865 1
3 242 11079630 0
1 102099691
4 83 lmjntacew 2
2 123 32
3 198 60601570 0
1 22876030
1 430979563
1 118150251
1 708528672
4 17 lufjzfnd 1
1 324804623
1 84104189
1 168988925
1 74123615
4 211 enrlqsa 1
4 295 dlymboezc 2
3 98 7106238 1
3 274 225663313 1
1 32689153
3 39 212491326 1
1 62979939
4 3 mejvq 1
3 79 561542371 0
3 187 2746218 0
4 33 isomvt 1
4 154 ewrmhhfqw 1
3 163 24422639 1
4 46 mzqccqu 0
1 35278597
1 274713
1 22166071
1 739913216
1 896616417
1 569961125
1 77907360
4 126 puyfc 1
1 176239629
3 235 45454613 1
1 430094728
1 708004359
3 36 128756856 1
1 1881504
3 162 511899681 0
4 56 blpxczq 1
1 73691478
4 279 icmwkaui 1
4 171 feidhkd 1
3 138 238137288 0
3 64 477559377 0
1 115422529
4 283 intdhkg 1
1 178853806
1 370813242
1 441678256
3 23 174805904 1
3 291 558492480 0
3 264 87102558 0
3 210 8494112 1
3 194 98192888 1
1 214235949
4 241 awwxwdkpl 1
4 221 jjehf 2
4 230 yrawdytu 0
1 206899800
3 153 561542371 0
1 228390240
3 118 543053865 1
1 102770624
4 127 ewtue 1
1 4416264
1 31075991
3 287 58314039 0
4 46 ozckw 1
1 3389661
4 239 cdinpjqea 1
1 46875119
2 214 17
4 33 rdpvo 1
1 548685306
3 26 618332200 0
1 140303161
1 374055213
2 160 28
2 274 20
1 423549463
3 257 482009859 0
2 140 27
1 423031237
1 71398656
3 67 380993760 1
1 219877014
1 385737250
2 177 26
1 545147963
4 294 rxhofi 1
1 215764736
2 140 27
4 248 gdboehpkd 1
1 745388753
1 315192655
1 397199825
3 55 130294656 0
1 754467500
4 210 yfbwz 1
4 237 jtkwu 2
2 65 22
1 264650101
1 170031631
4 147 sgopghjfhz 1
4 42 enrlqsa 1
1 137227884
2 161 26
2 255 24
1 198332064
1 158195268
4 186 bmnsdpyyq 1
1 88519825
1 5509063
1 460311780
1 19548172
2 278 27
4 195 mzqwvle 1
4 182 dkltl 1
1 36344925
1 18202625
2 20 28
1 93639144
2 249 31
4 255 yzhxtwab 0
1 124629200
3 138 91973508 1
1 420945086
3 101 146210228 1
4 245 mqldd 1
3 255 27205444 0
1 58868628
3 147 166386540 0
4 87 bnbpxkh 1
1 153761647
3 189 362198959 0
4 175 brwuiu 1
1 596809080
1 45529282
4 144 lvmhicz 1
4 153 vblgfkqnj 1
4 110 uetfczn 1
2 64 23
1 326482807
4 42 ecwbttbylq 2
1 149799594
1 269206056
1 43265771
1 416226851
4 298 tatqbejrm 1
3 67 182910592 0
1 174556655
2 228 30
4 167 jpchvpl 1
1 48707050
2 213 27
1 202773561
4 182 omvetndg 1
3 161 299570214 0
3 10 208280583 1
1 171015845
1 134185436
1 65983252
1 42079363
3 225 374120081 1
4 173 jbjvfxp 0
1 131236037
2 260 35
4 70 dekmax 2
4 164 dlidip 1
3 235 256928100 1
3 272 438694208 0
3 248 21454110 1
1 682454076
2 202 27
2 221 34
4 69 fgtcxjss 1
4 291 vemnfbsumn 1
1 9514493
2 0 25
1 190587081
1 104184685
3 234 60601570 1
2 183 22
4 164 twmzjryjum 1
1 179823150
1 12777881
3 246 45454613 1
3 211 10966475 0
1 156397052
3 191 537570168 1
4 210 vljcmlpexe 1
1 88334400
4 251 ivwsa 1
4 61 zpfjhoe 1
3 148 153761647 1
1 44336903
1 7971930
3 195 244061190 0
1 987604161
1 447460200
1 128678242
4 161 odopdpts 2
4 17 onqiktitd 1
2 283 20
4 148 iyzegbmfoe 0
1 308472905
3 147 189179430 1
3 247 109551595 1
1 158219215
1 150243885
4 81 sprulk 1
1 9300831
1 134723160
4 71 xxqaw 1
4 105 djlmgqbud 0
1 426458984
4 252 nnbgf 0
3 119 70522075 0
1 129606913
3 277 55737170 0
3 76 430979563 0
4 209 bqwkl 1
4 240 nmtmcf 2
1 23096881
1 240977971
1 202142281
4 194 qrhdcyi 1
3 152 22017360 0
4 233 bmyfxidyo 1
1 128316488
2 224 29
3 96 573431540 1
1 341247040
4 14 nbhfkhfzs 1
1 613721746
4 267 wbzfs 1
3 157 283056320 1
3 208 46628168 0
1 6677710
1 77627875
3 72 74123615 1
1 320350260
2 198 33
2 225 25
4 241 itgnynbkk 1
1 268519213
1 295505776
1 5870738
3 261 240038891 0
4 239 ewtue 1
4 256 gwkwz 1
3 199 158333473 0
4 60 wzuqvvbr 2
3 55 8717205 0
3 177 32689153 1
2 170 34
1 80670305
1 294423194
3 122 53730783 0
3 13 502805892 1
1 394119432
4 225 eerrqbnl 1
1 76892310
2 31 23
1 10103108
4 105 qbsbgogn 0
4 234 bawgk 1
1 227998812
3 194 190003917 0
2 83 18
4 119 nefserllo 1
4 21 innxvprms 1
4 119 zqaveifd 1
1 738582273
2 219 31
1 6788352
3 164 426630975 0
3 262 703299296 1
4 80 rhtnlaa 1
1 374991003
1 768792
3 188 168988925 0
1 865396479
2 50 30
1 23510592
1 569454994
1 531304065
4 96 hhkcwzs 1
1 232945186
3 82 178853806 1
3 158 26915531 1
4 272 hvezjibl 1
3 172 11067267 0
1 347375204
3 279 23102235 0
4 81 hcfwog 1
3 297 232430979 1
3 141 190587081 1
3 33 249371550 1
3 110 683911185 1
1 561127722
4 42 odopdpts 1
1 153368983
3 224 435417975 0
2 41 23
1 71848980
3 16 115573128 0
3 141 66355875 0
2 262 31
4 40 verlbqqs 1
1 784297006
2 225 27
1 4636442
4 127 dkltl 1
1 290796465
3 297 987604161 0
1 240299640
1 169050648
3 266 180381879 1
4 231 tatqbejrm 1
4 77 ermpqfdbh 0
1 107099320
1 130178712
4 224 oiuotwp 1
1 65958481
3 86 294423194 1
2 115 32
1 161534428
3 154 283615751 1
4 26 cywmf 1
1 198398398
4 201 jrpuuos 2
4 190 setkzszq 1
1 86899129
2 59 33
1 48827451
4 137 kbjnnjwx 1
3 114 95813751 0
1 49884120
3 11 158194304 0
1 49235420
2 142 33
1 136910070
2 166 37
1 587878581
4 102 roqrizqdnb 1
1 58450933
4 170 ukhbjicdf 1
4 194 kpdxr 1
4 59 smoymxdl 1
4 94 ssnafye 2
1 51915738
1 884226519
1 34478880
1 151167060
3 130 246599910 0
3 66 654574572 0
4 10 tqtiyrnw 1
4 177 aixth 1
4 104 nnbgf 1
1 224358652
3 283 613721746 1
1 587898640
2 262 32
3 172 627468885 1
1 716988000
3 17 443851539 1
4 31 rmfrz 1
3 234 61193429 1
4 108 dweyqxhxd 1
1 186854333
1 14375416
1 293098401
4 218 rnxrmt 1
2 163 36
3 90 88519825 0
2 251 29
1 19530689
4 1 ofswwwev 1
3 237 190003917 0
1 262409400
1 741159821
4 54 cugccm 1
2 242 28
2 81 32
2 231 35
1 885984190
2 48 27
4 157 jgmnwhw 1
1 393251336
2 182 28
4 264 oneiwj 1
4 290 huehphfjx 2
1 51336542
1 23148320
1 258038085
1 636593364
1 80359489
1 25578270
4 161 ubromqkecw 1
1 149369664
4 128 srunctjoy 1
4 256 bncaeeyu 0
4 130 ioghjicl 1
4 125 htuotu 1
3 188 45529282 0
4 185 ynatajy 1
3 249 513090 0
3 81 283056320 0
2 73 25
1 197851920
4 269 kzqfkcdbz 1
4 122 vwhoxpoqi 1
1 129400821
1 146863395
1 20985217
3 203 212925760 1
3 18 545107925 0
4 222 xxwzewjnt 1
1 263101622
4 105 gdboehpkd 1
1 249645693
2 32 28
2 281 35
1 129199122
1 89837163
4 83 tqntyujb 1
4 34 acyvie 1
1 219347533
3 166 263079020 1
1 249642074
4 211 iekiqjznm 3
3 24 109551595 1
4 48 vjthllczys 2
1 135090348
1 622071565
3 63 834683000 0
1 28055281
2 138 22
3 258 149799594 1
4 66 iekiqjznm 1
1 93587989
1 424356109
4 265 jonhpg 1
3 201 180424608 0
1 69907461
1 18452224
1 621712528
4 34 esfcyqb 1
4 76 xfvpgfvq 1
1 713856220
1 148023015
1 154093824
3 285 470960 0
1 671521074
4 14 vtgqo 1
1 686521033
1 380083462
3 224 10966475 1
1 32167092
1 19290424
1 41632221
1 90098001
1 577553975
1 126722135
1 137305207
1 138445312
3 215 264650101 1
1 62527361
3 9 216639938 1
4 2 rjtzm 2
4 145 lfnczth 1
1 101376932
1 116252136
2 34 31
2 53 34
1 269931151
2 156 18
4 277 kjdyeox 1
4 135 verlbqqs 1
3 6 22209780 1
3 156 424479799 1
3 258 482009859 1
4 39 egcsc 0
1 550707080
1 140049271
4 95 hpxsgavrx 1
3 65 33631542 0
3 6 294103602 1
1 102046420
1 77147621
4 79 fsmjjhjncx 0
1 11723125
1 345317329
3 78 128678242 1
3 143 718892192 0
1 42206833
3 74 20592876 0
3 94 136910070 1
3 26 519364065 0
4 248 qfzof 1
4 243 kozhn 1
1 273040440
4 176 heyabl 0
1 373729216
1 255437479
1 68216988
4 32 icopmkf 1
4 87 lsrygtizfa 2
3 66 317123712 0
1 8187942
3 221 112547661 1
4 36 bveeydlj 1
1 138681927
1 268875762
4 72 uphjb 1
3 199 238137288 0
1 99156060
2 233 35
1 211622761
3 75 257194816 0
1 616369680
3 67 154857528 0
4 126 nnmcauwln 2
3 250 4636442 1
1 136901812
1 105451290
1 317296542
3 192 654574572 0
1 379359360
1 740216293
4 273 bawgk 1
2 177 32
4 77 uwetac 1
3 46 57849871 0
4 22 odopdpts 1
1 843536152
3 140 1881504 0
1 210540064
1 960906730
1 600046981
1 531924448
4 189 zbtdgvi 2
3 229 72756815 0
4 10 ohifzyuibd 1
2 65 29
1 270262312
3 284 98825761 0
4 56 nykipaso 1
4 205 rrolkacsu 1
3 201 33014593 0
3 282 86852144 0
1 81063153
1 322442901
1 633287712
1 503313993
3 144 241151228 0
1 476316567
1 166775532
4 184 egfbwsnj 1
1 771355873
1 843728352
4 48 bnbpxkh 1
1 210801803
4 170 ddzok 0
1 725556709
1 33300925
1 556953536
1 375947724
3 99 46044227 0
1 35421944
2 128 32
4 261 nzsmyoayqa 1
2 197 39
4 144 wbdbhegywj 1
4 265 rhtnlaa 1
1 88287496
4 94 cutjivzvn 1
4 201 ccbwhjeiu 2
4 227 ynjypz 2
3 244 34003776 1
1 19404455
1 345299004
1 166880836
1 118447597
1 484402032
1 314345591
1 331306644
1 254181710
4 291 feidhkd 2
2 17 28
1 518672320
1 137707486
2 43 36
1 5278224
2 217 30
1 726867009
3 20 686521033 0
1 532278433
3 217 15153733 0
3 97 351633877 1
1 246140249
1 289009308
2 152 31
4 71 hvezjibl 1
1 107381839
4 129 yevhi 2
4 62 udutbl 1
4 122 ewrmhhfqw 1
1 5521328
3 142 38379448 0
3 47 158195268 1
4 296 fsmjjhjncx 2
2 133 36
3 164 5509063 0
4 202 nykipaso 0
1 813831837
1 461453850
2 281 40
1 183497996
2 262 35
1 78264591
1 478171349
1 243668548
1 164226074
1 447286206
4 58 gvpor 1
1 95647510
1 511409045
4 295 jtxirplqwm 2
4 134 ppjtbaoq 1
4 126 innxvprms 2
4 253 qgorr 1
1 460323449
1 37576547
1 543180165
1 114060801
3 62 46123545 0
4 201 vpuqn 1
1 35647041
1 333603675
3 26 240337081 1
4 202 ciilpklye 2
1 56490532
3 259 230557600 0
4 7 ofzrmgslt 1
4 54 rckevsegj 2
2 230 40
4 141 srrjwu 1
4 18 vljcmlpexe 1
1 692748321
3 197 89837163 1
4 30 ofzrmgslt 1
3 52 18452224 0
1 71787940
4 120 kolrdyf 1
2 285 47
1 647515805
1 248894996
3 103 66355875 1
2 239 40
4 148 dicsuzhtq 2
3 68 220006389 0
4 96 waqvxid 1
2 51 34
4 288 pnmmspb 1
4 115 blhsvgtexx 1
4 225 mjzxds 1
2 40 31
3 160 2746218 1
3 110 186854333 1
3 178 621712528 1
1 60391464
1 353643024
1 203272016
4 54 ondvzf 1
4 277 hlvoqlcy 1
3 69 136901812 1
4 162 jryastpwf 1
1 88464228
2 200 45
4 295 ofgfdo 2
3 117 702168334 1
3 33 260598660 0
